<?xml version="1.0" encoding="utf-8"?><svg xmlns="http://www.w3.org/2000/svg" xmlns:xlink="http://www.w3.org/1999/xlink" width="1536" height="714" preserveAspectRatio="xMidYMid" viewBox="0 0 1536 714" style="z-index:1;margin-right:-2px;display:block;background-repeat-y:initial;background-repeat-x:initial;background-color:rgb(241, 242, 243);animation-play-state:paused" ><g transform="translate(768,357) scale(1,1) translate(-768,-357)" style="transform:matrix(1, 0, 0, 1, 0, 0);animation-play-state:paused" ><style type="text/css" style="animation-play-state:paused" >@keyframes ld-fall {
    0%    { transform: translate(0,0px) rotate3d(1,1,1,0deg); }
    16.6% { transform: translate(0,121px) rotate3d(1,1,1,180deg); }
    33.3% { transform: translate(0,242px) rotate3d(1,1,1,360deg); }
    50.0% { transform: translate(0,363px) rotate3d(1,1,1,540deg); }
    66.6% { transform: translate(0,484px) rotate3d(1,1,1,720deg); }
    83.3% { transform: translate(0,605px) rotate3d(1,1,1,900deg); }
    100%  { transform: translate(0,726px) rotate3d(1,1,1,1080deg) ; }
  }
  .ld.ld-fall {
    animation: ld-fall 33.333333333333336s linear infinite;
  }
  .ld.ld-fall2 {
    animation: ld-fall 33.333333333333336s linear infinite;
    animation-fill-mode: forwards;
  }</style>

  
<g transform="translate(0 432.3847293513018)" style="transform:matrix(1, 0, 0, 1, 0, 432.385);animation-play-state:paused" ><g transform="translate(574.3150406993453 0)" style="transform:matrix(1, 0, 0, 1, 574.315, 0);animation-play-state:paused" ><g class="ld ld-fall2" style="transform:matrix3d(0.8951, -0.258431, 0.36333, 0, 0.36333, 0.8951, -0.258431, 0, -0.258431, 0.36333, 0.8951, 0, 0, 462.1, 0, 1);animation-play-state:paused;animation-duration:33.3333s;animation-delay:-21.1985s" ><rect x="-3.6819856082854976" y="-3.0078454238326384" width="7.363971216570995" height="6.015690847665277" fill="#06628d" style="transform:matrix(1.54735, 0, 0, 1.54735, 0, 0);animation-play-state:paused" ></rect></g></g>
<g transform="translate(69.31495830151982 0)" style="transform:matrix(1, 0, 0, 1, 69.315, 0);animation-play-state:paused" ><g class="ld ld-fall2" style="transform:matrix3d(0.968126, -0.160448, 0.192322, 0, 0.192322, 0.968126, -0.160448, 0, -0.160448, 0.192322, 0.968126, 0, 0, 714.042, 0, 1);animation-play-state:paused;animation-duration:16.6667s;animation-delay:-16.3916s" ><rect x="-5.550709042209075" y="-3.9634839893461478" width="11.10141808441815" height="7.9269679786922955" fill="#3c0f0f" style="transform:matrix(2.21173, 0, 0, 2.21173, 0, 0);animation-play-state:paused" ></rect></g></g>
<g transform="translate(357.03110673641436 0)" style="transform:matrix(1, 0, 0, 1, 357.031, 0);animation-play-state:paused" ><g class="ld ld-fall2" style="transform:matrix3d(0.821437, 0.482536, -0.303973, 0, -0.303973, 0.821437, 0.482536, 0, 0.482536, -0.303973, 0.821437, 0, 0, 28.8603, 0, 1);animation-play-state:paused;animation-duration:33.3333s;animation-delay:-1.31978s" ><rect x="-5.222338786671839" y="-5.987029363550674" width="10.444677573343679" height="11.974058727101347" fill="#2aa7c9" style="transform:matrix(2.56049, 0, 0, 2.56049, 0, 0);animation-play-state:paused" ></rect></g></g>
<g transform="translate(937.1087148803265 0)" style="transform:matrix(1, 0, 0, 1, 937.109, 0);animation-play-state:paused" ><g class="ld ld-fall2" style="transform:matrix3d(0.757403, -0.324187, 0.566784, 0, 0.566784, 0.757403, -0.324187, 0, -0.324187, 0.566784, 0.757403, 0, 0, 208.054, 0, 1);animation-play-state:paused;animation-duration:16.6667s;animation-delay:-4.76915s" ><rect x="-5.207961960656446" y="-4.568838131124463" width="10.415923921312892" height="9.137676262248926" fill="#2aa7c9" style="transform:matrix(2.57235, 0, 0, 2.57235, 0, 0);animation-play-state:paused" ></rect></g></g>
<g transform="translate(598.1745357886759 0)" style="transform:matrix(1, 0, 0, 1, 598.175, 0);animation-play-state:paused" ><g class="ld ld-fall2" style="transform:matrix3d(0.841464, 0.453013, -0.294477, 0, -0.294477, 0.841464, 0.453013, 0, 0.453013, -0.294477, 0.841464, 0, 0, 27.1186, 0, 1);animation-play-state:paused;animation-duration:16.6667s;animation-delay:-0.620068s" ><rect x="-3.730134843395677" y="-5.614961210888589" width="7.460269686791354" height="11.229922421777179" fill="#f91a10" style="transform:matrix(3.46306, 0, 0, 3.46306, 0, 0);animation-play-state:paused" ></rect></g></g>
<g transform="translate(118.67947522449401 0)" style="transform:matrix(1, 0, 0, 1, 118.679, 0);animation-play-state:paused" ><g class="ld ld-fall2" style="transform:matrix3d(-0.332862, 0.688135, 0.644727, 0, 0.644727, -0.332862, 0.688135, 0, 0.688135, 0.644727, -0.332862, 0, 0, 361.552, 0, 1);animation-play-state:paused;animation-duration:16.6667s;animation-delay:-8.30002s" ><rect x="-4.642087218932969" y="-5.333144311911065" width="9.284174437865937" height="10.66628862382213" fill="#e46b43" style="transform:matrix(3.45973, 0, 0, 3.45973, 0, 0);animation-play-state:paused" ></rect></g></g>
<g transform="translate(1112.8578425557248 0)" style="transform:matrix(1, 0, 0, 1, 1112.86, 0);animation-play-state:paused" ><g class="ld ld-fall2" style="transform:matrix3d(0.99773, 0.048737, -0.0464672, 0, -0.0464672, 0.99773, 0.048737, 0, 0.048737, -0.0464672, 0.99773, 0, 0, 245.179, 0, 1);animation-play-state:paused;animation-duration:16.6667s;animation-delay:-5.62313s" ><rect x="-5.493152275797675" y="-3.6554519005492634" width="10.98630455159535" height="7.310903801098527" fill="#f91a10" style="transform:matrix(1.54723, 0, 0, 1.54723, 0, 0);animation-play-state:paused" ></rect></g></g>
<g transform="translate(1326.8026992380067 0)" style="transform:matrix(1, 0, 0, 1, 1326.8, 0);animation-play-state:paused" ><g class="ld ld-fall2" style="transform:matrix3d(-0.318724, 0.539158, 0.779566, 0, 0.779566, -0.318724, 0.539158, 0, 0.539158, 0.779566, -0.318724, 0, 0, 613.078, 0, 1);animation-play-state:paused;animation-duration:33.3333s;animation-delay:-28.1383s" ><rect x="-5.173059272490386" y="-5.727426606612599" width="10.346118544980772" height="11.454853213225197" fill="#edb195" style="transform:matrix(3.29534, 0, 0, 3.29534, 0, 0);animation-play-state:paused" ></rect></g></g>
<g transform="translate(359.70658703277763 0)" style="transform:matrix(1, 0, 0, 1, 359.707, 0);animation-play-state:paused" ><g class="ld ld-fall2" style="transform:matrix3d(0.75807, 0.565973, -0.324043, 0, -0.324043, 0.75807, 0.565973, 0, 0.565973, -0.324043, 0.75807, 0, 0, 517.896, 0, 1);animation-play-state:paused;animation-duration:16.6667s;animation-delay:-11.8797s" ><rect x="-3.5734550273335524" y="-3.7804714276291254" width="7.146910054667105" height="7.560942855258251" fill="#04284d" style="transform:matrix(3.45788, 0, 0, 3.45788, 0, 0);animation-play-state:paused" ></rect></g></g>
<g transform="translate(1445.183848039239 0)" style="transform:matrix(1, 0, 0, 1, 1445.18, 0);animation-play-state:paused" ><g class="ld ld-fall2" style="transform:matrix3d(-0.214976, 0.279081, 0.935895, 0, 0.935895, -0.214976, 0.279081, 0, 0.279081, 0.935895, -0.214976, 0, 0, 628.304, 0, 1);animation-play-state:paused;animation-duration:16.6667s;animation-delay:-14.4194s" ><rect x="-4.821249813488917" y="-4.824566938018895" width="9.642499626977834" height="9.64913387603779" fill="#2aa7c9" style="transform:matrix(2.57946, 0, 0, 2.57946, 0, 0);animation-play-state:paused" ></rect></g></g>
<g transform="translate(673.0112950617407 0)" style="transform:matrix(1, 0, 0, 1, 673.011, 0);animation-play-state:paused" ><g class="ld ld-fall2" style="transform:matrix3d(-0.30055, 0.829097, 0.471452, 0, 0.471452, -0.30055, 0.829097, 0, 0.829097, 0.471452, -0.30055, 0, 0, 108.871, 0, 1);animation-play-state:paused;animation-duration:33.3333s;animation-delay:-4.97868s" ><rect x="-4.391728765217261" y="-3.90736208974846" width="8.783457530434521" height="7.81472417949692" fill="#2aa7c9" style="transform:matrix(1.85107, 0, 0, 1.85107, 0, 0);animation-play-state:paused" ></rect></g></g>
<g transform="translate(43.37228628512128 0)" style="transform:matrix(1, 0, 0, 1, 43.3723, 0);animation-play-state:paused" ><g class="ld ld-fall2" style="transform:matrix3d(0.465711, -0.298709, 0.832998, 0, 0.832998, 0.465711, -0.298709, 0, -0.298709, 0.832998, 0.465711, 0, 0, 673.199, 0, 1);animation-play-state:paused;animation-duration:16.6667s;animation-delay:-15.4521s" ><rect x="-5.821025253004179" y="-4.830701501649909" width="11.642050506008358" height="9.661403003299817" fill="#f91a10" style="transform:matrix(2.15311, 0, 0, 2.15311, 0, 0);animation-play-state:paused" ></rect></g></g>
<g transform="translate(1381.557153800753 0)" style="transform:matrix(1, 0, 0, 1, 1381.56, 0);animation-play-state:paused" ><g class="ld ld-fall2" style="transform:matrix3d(-0.31288, 0.514528, 0.798353, 0, 0.798353, -0.31288, 0.514528, 0, 0.514528, 0.798353, -0.31288, 0, 0, 372.565, 0, 1);animation-play-state:paused;animation-duration:16.6667s;animation-delay:-8.55204s" ><rect x="-4.225345964132209" y="-5.3674864255903625" width="8.450691928264417" height="10.734972851180725" fill="#04284d" style="transform:matrix(3.09169, 0, 0, 3.09169, 0, 0);animation-play-state:paused" ></rect></g></g>
<g transform="translate(43.557767131196215 0)" style="transform:matrix(1, 0, 0, 1, 43.5578, 0);animation-play-state:paused" ><g class="ld ld-fall2" style="transform:matrix3d(-0.0296998, 0.99909, 0.0306097, 0, 0.0306097, -0.0296998, 0.99909, 0, 0.99909, 0.0306097, -0.0296998, 0, 0, 324.679, 0, 1);animation-play-state:paused;animation-duration:33.3333s;animation-delay:-14.9037s" ><rect x="-5.221665236883307" y="-3.8164440386262317" width="10.443330473766615" height="7.632888077252463" fill="#e46b43" style="transform:matrix(3.19711, 0, 0, 3.19711, 0, 0);animation-play-state:paused" ></rect></g></g>
<g transform="translate(35.08541828428122 0)" style="transform:matrix(1, 0, 0, 1, 35.0854, 0);animation-play-state:paused" ><g class="ld ld-fall2" style="transform:matrix3d(0.994537, 0.0764934, -0.0710302, 0, -0.0710302, 0.994537, 0.0764934, 0, 0.0764934, -0.0710302, 0.994537, 0, 0, 488.934, 0, 1);animation-play-state:paused;animation-duration:16.6667s;animation-delay:-11.2135s" ><rect x="-4.288178518713871" y="-3.6160988909902407" width="8.576357037427742" height="7.2321977819804815" fill="#edb195" style="transform:matrix(3.16564, 0, 0, 3.16564, 0, 0);animation-play-state:paused" ></rect></g></g>
<g transform="translate(294.82564416911794 0)" style="transform:matrix(1, 0, 0, 1, 294.826, 0);animation-play-state:paused" ><g class="ld ld-fall2" style="transform:matrix3d(0.471974, -0.300715, 0.828741, 0, 0.828741, 0.471974, -0.300715, 0, -0.300715, 0.828741, 0.471974, 0, 0, 673.569, 0, 1);animation-play-state:paused;animation-duration:16.6667s;animation-delay:-15.4606s" ><rect x="-5.758996134708638" y="-4.250051983965028" width="11.517992269417276" height="8.500103967930055" fill="#e46b43" style="transform:matrix(2.28068, 0, 0, 2.28068, 0, 0);animation-play-state:paused" ></rect></g></g>
<g transform="translate(1192.611768435041 0)" style="transform:matrix(1, 0, 0, 1, 1192.61, 0);animation-play-state:paused" ><g class="ld ld-fall2" style="transform:matrix3d(-0.319142, 0.778064, 0.541077, 0, 0.541077, -0.319142, 0.778064, 0, 0.778064, 0.541077, -0.319142, 0, 0, 355.039, 0, 1);animation-play-state:paused;animation-duration:16.6667s;animation-delay:-8.1502s" ><rect x="-4.09180814371103" y="-4.995904038307249" width="8.18361628742206" height="9.991808076614499" fill="#e46b43" style="transform:matrix(1.98926, 0, 0, 1.98926, 0, 0);animation-play-state:paused" ></rect></g></g>
<g transform="translate(589.0970466199914 0)" style="transform:matrix(1, 0, 0, 1, 589.097, 0);animation-play-state:paused" ><g class="ld ld-fall2" style="transform:matrix3d(0.657849, 0.675407, -0.333256, 0, -0.333256, 0.657849, 0.675407, 0, 0.675407, -0.333256, 0.657849, 0, 0, 524.919, 0, 1);animation-play-state:paused;animation-duration:33.3333s;animation-delay:-24.0825s" ><rect x="-5.968928159396087" y="-5.915127183839991" width="11.937856318792173" height="11.830254367679983" fill="#e46b43" style="transform:matrix(1.62141, 0, 0, 1.62141, 0, 0);animation-play-state:paused" ></rect></g></g>
<g transform="translate(907.2805455896444 0)" style="transform:matrix(1, 0, 0, 1, 907.28, 0);animation-play-state:paused" ><g class="ld ld-fall2" style="transform:matrix3d(0.591111, -0.327999, 0.736888, 0, 0.736888, 0.591111, -0.327999, 0, -0.327999, 0.736888, 0.591111, 0, 0, 438.791, 0, 1);animation-play-state:paused;animation-duration:16.6667s;animation-delay:-10.0663s" ><rect x="-5.836520867230595" y="-4.8135201930719616" width="11.67304173446119" height="9.627040386143923" fill="#f91a10" style="transform:matrix(2.27259, 0, 0, 2.27259, 0, 0);animation-play-state:paused" ></rect></g></g>
<g transform="translate(562.3104696555149 0)" style="transform:matrix(1, 0, 0, 1, 562.31, 0);animation-play-state:paused" ><g class="ld ld-fall2" style="transform:matrix3d(0.666945, 0.666388, -0.333333, 0, -0.333333, 0.666945, 0.666388, 0, 0.666388, -0.333333, 0.666945, 0, 0, 282.315, 0, 1);animation-play-state:paused;animation-duration:16.6667s;animation-delay:-6.47735s" ><rect x="-3.7533252959194776" y="-5.190464491600396" width="7.506650591838955" height="10.380928983200793" fill="#06628d" style="transform:matrix(2.13678, 0, 0, 2.13678, 0, 0);animation-play-state:paused" ></rect></g></g>
<g transform="translate(398.57407978198694 0)" style="transform:matrix(1, 0, 0, 1, 398.574, 0);animation-play-state:paused" ><g class="ld ld-fall2" style="transform:matrix3d(-0.299437, 0.831473, 0.467964, 0, 0.467964, -0.299437, 0.831473, 0, 0.831473, 0.467964, -0.299437, 0, 0, 592.665, 0, 1);animation-play-state:paused;animation-duration:16.6667s;animation-delay:-13.5996s" ><rect x="-3.452093724447983" y="-3.5720072969040113" width="6.904187448895966" height="7.144014593808023" fill="#04284d" style="transform:matrix(1.81267, 0, 0, 1.81267, 0, 0);animation-play-state:paused" ></rect></g></g>
<g transform="translate(700.4998750545035 0)" style="transform:matrix(1, 0, 0, 1, 700.5, 0);animation-play-state:paused" ><g class="ld ld-fall2" style="transform:matrix3d(-0.331063, 0.617921, 0.713142, 0, 0.713142, -0.331063, 0.617921, 0, 0.617921, 0.713142, -0.331063, 0, 0, 124.18, 0, 1);animation-play-state:paused;animation-duration:33.3333s;animation-delay:-5.67962s" ><rect x="-5.334576586053084" y="-4.1726198824060905" width="10.669153172106167" height="8.345239764812181" fill="#04284d" style="transform:matrix(2.63731, 0, 0, 2.63731, 0, 0);animation-play-state:paused" ></rect></g></g>
<g transform="translate(1357.8513961299402 0)" style="transform:matrix(1, 0, 0, 1, 1357.85, 0);animation-play-state:paused" ><g class="ld ld-fall2" style="transform:matrix3d(-0.0918285, 0.101211, 0.990618, 0, 0.990618, -0.0918285, 0.101211, 0, 0.101211, 0.990618, -0.0918285, 0, 0, 638.864, 0, 1);animation-play-state:paused;animation-duration:33.3333s;animation-delay:-29.3246s" ><rect x="-5.850623778627547" y="-4.454263481902583" width="11.701247557255094" height="8.908526963805166" fill="#edb195" style="transform:matrix(2.82502, 0, 0, 2.82502, 0, 0);animation-play-state:paused" ></rect></g></g>
<g transform="translate(95.80945630457165 0)" style="transform:matrix(1, 0, 0, 1, 95.8095, 0);animation-play-state:paused" ><g class="ld ld-fall2" style="transform:matrix3d(-0.214605, 0.936173, 0.278431, 0, 0.278431, -0.214605, 0.936173, 0, 0.936173, 0.278431, -0.214605, 0, 0, 581.658, 0, 1);animation-play-state:paused;animation-duration:16.6667s;animation-delay:-13.3464s" ><rect x="-4.2581516210063075" y="-4.655224768796384" width="8.516303242012615" height="9.310449537592769" fill="#06628d" style="transform:matrix(1.79962, 0, 0, 1.79962, 0, 0);animation-play-state:paused" ></rect></g></g>
<g transform="translate(243.88717334749856 0)" style="transform:matrix(1, 0, 0, 1, 243.887, 0);animation-play-state:paused" ><g class="ld ld-fall2" style="transform:matrix3d(-0.156985, 0.969676, 0.187309, 0, 0.187309, -0.156985, 0.969676, 0, 0.969676, 0.187309, -0.156985, 0, 0, 576.328, 0, 1);animation-play-state:paused;animation-duration:16.6667s;animation-delay:-13.2238s" ><rect x="-4.438750709368456" y="-5.470778883501863" width="8.877501418736912" height="10.941557767003726" fill="#06628d" style="transform:matrix(1.6211, 0, 0, 1.6211, 0, 0);animation-play-state:paused" ></rect></g></g>
<g transform="translate(295.40280472250174 0)" style="transform:matrix(1, 0, 0, 1, 295.403, 0);animation-play-state:paused" ><g class="ld ld-fall2" style="transform:matrix3d(-0.0495006, 0.997415, 0.0520855, 0, 0.0520855, -0.0495006, 0.997415, 0, 0.997415, 0.0520855, -0.0495006, 0, 0, 568.059, 0, 1);animation-play-state:paused;animation-duration:33.3333s;animation-delay:-26.0672s" ><rect x="-4.93912920531682" y="-5.344271192720692" width="9.87825841063364" height="10.688542385441384" fill="#edb195" style="transform:matrix(1.51645, 0, 0, 1.51645, 0, 0);animation-play-state:paused" ></rect></g></g>
<g transform="translate(1305.7118233233814 0)" style="transform:matrix(1, 0, 0, 1, 1305.71, 0);animation-play-state:paused" ><g class="ld ld-fall2" style="transform:matrix3d(0.539177, 0.779552, -0.318728, 0, -0.318728, 0.539177, 0.779552, 0, 0.779552, -0.318728, 0.539177, 0, 0, 48.4102, 0, 1);animation-play-state:paused;animation-duration:16.6667s;animation-delay:-1.1069s" ><rect x="-5.687089087951704" y="-3.1257298752781475" width="11.374178175903408" height="6.251459750556295" fill="#3c0f0f" style="transform:matrix(1.90203, 0, 0, 1.90203, 0, 0);animation-play-state:paused" ></rect></g></g>
<g transform="translate(397.5608574088277 0)" style="transform:matrix(1, 0, 0, 1, 397.561, 0);animation-play-state:paused" ><g class="ld ld-fall2" style="transform:matrix3d(-0.332292, 0.698408, 0.633884, 0, 0.633884, -0.332292, 0.698408, 0, 0.698408, 0.633884, -0.332292, 0, 0, 360.847, 0, 1);animation-play-state:paused;animation-duration:33.3333s;animation-delay:-16.5676s" ><rect x="-5.280189356654983" y="-3.6503286543539253" width="10.560378713309966" height="7.300657308707851" fill="#f91a10" style="transform:matrix(2.26669, 0, 0, 2.26669, 0, 0);animation-play-state:paused" ></rect></g></g>
<g transform="translate(628.3207799739753 0)" style="transform:matrix(1, 0, 0, 1, 628.321, 0);animation-play-state:paused" ><g class="ld ld-fall2" style="transform:matrix3d(-0.251221, 0.348021, 0.9032, 0, 0.9032, -0.251221, 0.348021, 0, 0.348021, 0.9032, -0.251221, 0, 0, 140.318, 0, 1);animation-play-state:paused;animation-duration:33.3333s;animation-delay:-6.42207s" ><rect x="-4.74603146127055" y="-5.970858337971858" width="9.4920629225411" height="11.941716675943717" fill="#f91a10" style="transform:matrix(2.14312, 0, 0, 2.14312, 0, 0);animation-play-state:paused" ></rect></g></g>
<g transform="translate(1418.2664073773994 0)" style="transform:matrix(1, 0, 0, 1, 1418.27, 0);animation-play-state:paused" ><g class="ld ld-fall2" style="transform:matrix3d(0.432268, 0.854823, -0.287092, 0, -0.287092, 0.432268, 0.854823, 0, 0.854823, -0.287092, 0.432268, 0, 0, 538.763, 0, 1);animation-play-state:paused;animation-duration:16.6667s;animation-delay:-12.3597s" ><rect x="-5.273812797570201" y="-5.325037803586479" width="10.547625595140403" height="10.650075607172958" fill="#edb195" style="transform:matrix(3.39037, 0, 0, 3.39037, 0, 0);animation-play-state:paused" ></rect></g></g>
<g transform="translate(1416.9878308843977 0)" style="transform:matrix(1, 0, 0, 1, 1416.99, 0);animation-play-state:paused" ><g class="ld ld-fall2" style="transform:matrix3d(-0.244385, 0.334071, 0.910314, 0, 0.910314, -0.244385, 0.334071, 0, 0.334071, 0.910314, -0.244385, 0, 0, 383.124, 0, 1);animation-play-state:paused;animation-duration:16.6667s;animation-delay:-8.79347s" ><rect x="-3.2000765028489764" y="-5.035877221045042" width="6.400153005697953" height="10.071754442090084" fill="#e46b43" style="transform:matrix(2.97636, 0, 0, 2.97636, 0, 0);animation-play-state:paused" ></rect></g></g>
<g transform="translate(1466.150963940662 0)" style="transform:matrix(1, 0, 0, 1, 1466.15, 0);animation-play-state:paused" ><g class="ld ld-fall2" style="transform:matrix3d(0.718855, -0.330451, 0.611595, 0, 0.611595, 0.718855, -0.330451, 0, -0.330451, 0.611595, 0.718855, 0, 0, 447.25, 0, 1);animation-play-state:paused;animation-duration:16.6667s;animation-delay:-10.2597s" ><rect x="-4.551358271840612" y="-5.78255675355431" width="9.102716543681224" height="11.56511350710862" fill="#e46b43" style="transform:matrix(3.08098, 0, 0, 3.08098, 0, 0);animation-play-state:paused" ></rect></g></g>
<g transform="translate(1374.4601583333283 0)" style="transform:matrix(1, 0, 0, 1, 1374.46, 0);animation-play-state:paused" ><g class="ld ld-fall2" style="transform:matrix3d(0.596417, -0.328702, 0.732285, 0, 0.732285, 0.596417, -0.328702, 0, -0.328702, 0.732285, 0.596417, 0, 0, 681.124, 0, 1);animation-play-state:paused;animation-duration:33.3333s;animation-delay:-31.2688s" ><rect x="-4.737687385839768" y="-5.700518342432581" width="9.475374771679537" height="11.401036684865161" fill="#06628d" style="transform:matrix(2.98078, 0, 0, 2.98078, 0, 0);animation-play-state:paused" ></rect></g></g>
<g transform="translate(897.7380419095349 0)" style="transform:matrix(1, 0, 0, 1, 897.738, 0);animation-play-state:paused" ><g class="ld ld-fall2" style="transform:matrix3d(-0.161497, 0.967647, 0.193851, 0, 0.193851, -0.161497, 0.967647, 0, 0.967647, 0.193851, -0.161497, 0, 0, 576.715, 0, 1);animation-play-state:paused;animation-duration:16.6667s;animation-delay:-13.2327s" ><rect x="-3.124235736012327" y="-3.9677881490102447" width="6.248471472024654" height="7.935576298020489" fill="#04284d" style="transform:matrix(2.60643, 0, 0, 2.60643, 0, 0);animation-play-state:paused" ></rect></g></g>
<g transform="translate(817.1128590384259 0)" style="transform:matrix(1, 0, 0, 1, 817.113, 0);animation-play-state:paused" ><g class="ld ld-fall2" style="transform:matrix3d(0.304968, 0.924343, -0.229311, 0, -0.229311, 0.304968, 0.924343, 0, 0.924343, -0.229311, 0.304968, 0, 0, 62.1393, 0, 1);animation-play-state:paused;animation-duration:33.3333s;animation-delay:-2.84163s" ><rect x="-3.6733232487499414" y="-5.1893227261552255" width="7.346646497499883" height="10.378645452310451" fill="#06628d" style="transform:matrix(2.57468, 0, 0, 2.57468, 0, 0);animation-play-state:paused" ></rect></g></g>
<g transform="translate(1322.641668516968 0)" style="transform:matrix(1, 0, 0, 1, 1322.64, 0);animation-play-state:paused" ><g class="ld ld-fall2" style="transform:matrix3d(-0.322108, 0.555552, 0.766556, 0, 0.766556, -0.322108, 0.555552, 0, 0.555552, 0.766556, -0.322108, 0, 0, 370.078, 0, 1);animation-play-state:paused;animation-duration:16.6667s;animation-delay:-8.49517s" ><rect x="-3.6635417263641763" y="-4.4907820017752815" width="7.327083452728353" height="8.981564003550563" fill="#edb195" style="transform:matrix(2.00307, 0, 0, 2.00307, 0, 0);animation-play-state:paused" ></rect></g></g>
<g transform="translate(1266.2891510589088 0)" style="transform:matrix(1, 0, 0, 1, 1266.29, 0);animation-play-state:paused" ><g class="ld ld-fall2" style="transform:matrix3d(0.569558, -0.32467, 0.755112, 0, 0.755112, 0.569558, -0.32467, 0, -0.32467, 0.755112, 0.569558, 0, 0, 679.45, 0, 1);animation-play-state:paused;animation-duration:16.6667s;animation-delay:-15.5959s" ><rect x="-5.660556534857745" y="-3.9322502010561493" width="11.32111306971549" height="7.864500402112299" fill="#06628d" style="transform:matrix(1.66913, 0, 0, 1.66913, 0, 0);animation-play-state:paused" ></rect></g></g>
<g transform="translate(666.1800349496156 0)" style="transform:matrix(1, 0, 0, 1, 666.18, 0);animation-play-state:paused" ><g class="ld ld-fall2" style="transform:matrix3d(-0.0939944, 0.103853, 0.990141, 0, 0.990141, -0.0939944, 0.103853, 0, 0.103853, 0.990141, -0.0939944, 0, 0, 154.701, 0, 1);animation-play-state:paused;animation-duration:16.6667s;animation-delay:-3.54189s" ><rect x="-3.640761810676284" y="-5.900404100537873" width="7.281523621352568" height="11.800808201075746" fill="#f91a10" style="transform:matrix(2.84351, 0, 0, 2.84351, 0, 0);animation-play-state:paused" ></rect></g></g>
<g transform="translate(170.41993270189403 0)" style="transform:matrix(1, 0, 0, 1, 170.42, 0);animation-play-state:paused" ><g class="ld ld-fall2" style="transform:matrix3d(0.48936, 0.816636, -0.305995, 0, -0.305995, 0.48936, 0.816636, 0, 0.816636, -0.305995, 0.48936, 0, 0, 51.4015, 0, 1);animation-play-state:paused;animation-duration:33.3333s;animation-delay:-2.35059s" ><rect x="-5.451162066912043" y="-3.270567245351904" width="10.902324133824086" height="6.541134490703808" fill="#04284d" style="transform:matrix(2.45571, 0, 0, 2.45571, 0, 0);animation-play-state:paused" ></rect></g></g>
<g transform="translate(2.784472016135396 0)" style="transform:matrix(1, 0, 0, 1, 2.78447, 0);animation-play-state:paused" ><g class="ld ld-fall2" style="transform:matrix3d(0.602075, -0.3294, 0.727325, 0, 0.727325, 0.602075, -0.3294, 0, -0.3294, 0.727325, 0.602075, 0, 0, 681.481, 0, 1);animation-play-state:paused;animation-duration:33.3333s;animation-delay:-31.2852s" ><rect x="-5.887818589453412" y="-4.005140175859887" width="11.775637178906823" height="8.010280351719773" fill="#06628d" style="transform:matrix(2.32014, 0, 0, 2.32014, 0, 0);animation-play-state:paused" ></rect></g></g>
<g transform="translate(924.6074848343803 0)" style="transform:matrix(1, 0, 0, 1, 924.608, 0);animation-play-state:paused" ><g class="ld ld-fall2" style="transform:matrix3d(-0.271093, 0.879134, 0.391959, 0, 0.391959, -0.271093, 0.879134, 0, 0.879134, 0.391959, -0.271093, 0, 0, 104.225, 0, 1);animation-play-state:paused;animation-duration:33.3333s;animation-delay:-4.7662s" ><rect x="-3.9648210023872386" y="-5.222662017547426" width="7.929642004774477" height="10.445324035094853" fill="#06628d" style="transform:matrix(1.69233, 0, 0, 1.69233, 0, 0);animation-play-state:paused" ></rect></g></g>
<g transform="translate(957.4731470732736 0)" style="transform:matrix(1, 0, 0, 1, 957.473, 0);animation-play-state:paused" ><g class="ld ld-fall2" style="transform:matrix3d(-0.0483086, 0.0507672, 0.997541, 0, 0.997541, -0.0483086, 0.0507672, 0, 0.0507672, 0.997541, -0.0483086, 0, 0, 642.025, 0, 1);animation-play-state:paused;animation-duration:33.3333s;animation-delay:-29.47s" ><rect x="-4.710044043578627" y="-3.849609474143839" width="9.420088087157254" height="7.699218948287678" fill="#06628d" style="transform:matrix(2.78288, 0, 0, 2.78288, 0, 0);animation-play-state:paused" ></rect></g></g>
<g transform="translate(823.047669743788 0)" style="transform:matrix(1, 0, 0, 1, 823.048, 0);animation-play-state:paused" ><g class="ld ld-fall2" style="transform:matrix3d(0.247875, 0.94865, -0.196524, 0, -0.196524, 0.247875, 0.94865, 0, 0.94865, -0.196524, 0.247875, 0, 0, 307.451, 0, 1);animation-play-state:paused;animation-duration:33.3333s;animation-delay:-14.1111s" ><rect x="-5.535174818426577" y="-4.837934662148258" width="11.070349636853154" height="9.675869324296515" fill="#3c0f0f" style="transform:matrix(1.96218, 0, 0, 1.96218, 0, 0);animation-play-state:paused" ></rect></g></g>
<g transform="translate(733.8290781612292 0)" style="transform:matrix(1, 0, 0, 1, 733.829, 0);animation-play-state:paused" ><g class="ld ld-fall2" style="transform:matrix3d(-0.0408597, 0.998256, 0.0426036, 0, 0.0426036, -0.0408597, 0.998256, 0, 0.998256, 0.0426036, -0.0408597, 0, 0, 325.453, 0, 1);animation-play-state:paused;animation-duration:33.3333s;animation-delay:-14.9393s" ><rect x="-5.628598351799074" y="-5.318221226086548" width="11.257196703598147" height="10.636442452173096" fill="#f91a10" style="transform:matrix(2.77622, 0, 0, 2.77622, 0, 0);animation-play-state:paused" ></rect></g></g>
<g transform="translate(828.6452299483773 0)" style="transform:matrix(1, 0, 0, 1, 828.645, 0);animation-play-state:paused" ><g class="ld ld-fall2" style="transform:matrix3d(0.0856099, -0.0788163, 0.993206, 0, 0.993206, 0.0856099, -0.0788163, 0, -0.0788163, 0.993206, 0.0856099, 0, 0, 650.837, 0, 1);animation-play-state:paused;animation-duration:16.6667s;animation-delay:-14.9377s" ><rect x="-4.625667629096039" y="-5.183677457683734" width="9.251335258192078" height="10.367354915367468" fill="#e46b43" style="transform:matrix(1.91507, 0, 0, 1.91507, 0, 0);animation-play-state:paused" ></rect></g></g>
<g transform="translate(398.99392106869163 0)" style="transform:matrix(1, 0, 0, 1, 398.994, 0);animation-play-state:paused" ><g class="ld ld-fall2" style="transform:matrix3d(0.0443991, -0.0425082, 0.998109, 0, 0.998109, 0.0443991, -0.0425082, 0, -0.0425082, 0.998109, 0.0443991, 0, 0, 406.235, 0, 1);animation-play-state:paused;animation-duration:33.3333s;animation-delay:-18.6438s" ><rect x="-4.313211445415781" y="-3.4349245160259754" width="8.626422890831561" height="6.869849032051951" fill="#e46b43" style="transform:matrix(2.57417, 0, 0, 2.57417, 0, 0);animation-play-state:paused" ></rect></g></g>
<g transform="translate(640.9057050619058 0)" style="transform:matrix(1, 0, 0, 1, 640.906, 0);animation-play-state:paused" ><g class="ld ld-fall2" style="transform:matrix3d(0.0208926, -0.0204648, 0.999572, 0, 0.999572, 0.0208926, -0.0204648, 0, -0.0204648, 0.999572, 0.0208926, 0, 0, 646.713, 0, 1);animation-play-state:paused;animation-duration:33.3333s;animation-delay:-29.6857s" ><rect x="-4.708857422049124" y="-4.745421565997786" width="9.417714844098247" height="9.490843131995572" fill="#f91a10" style="transform:matrix(2.30807, 0, 0, 2.30807, 0, 0);animation-play-state:paused" ></rect></g></g>
<g transform="translate(952.9684315962974 0)" style="transform:matrix(1, 0, 0, 1, 952.968, 0);animation-play-state:paused" ><g class="ld ld-fall2" style="transform:matrix3d(-0.176581, 0.96021, 0.216371, 0, 0.216371, -0.176581, 0.96021, 0, 0.96021, 0.216371, -0.176581, 0, 0, 578.041, 0, 1);animation-play-state:paused;animation-duration:16.6667s;animation-delay:-13.2632s" ><rect x="-3.2266154398501152" y="-5.707050353086812" width="6.4532308797002305" height="11.414100706173624" fill="#3c0f0f" style="transform:matrix(3.11699, 0, 0, 3.11699, 0, 0);animation-play-state:paused" ></rect></g></g>
<g transform="translate(860.0675159687909 0)" style="transform:matrix(1, 0, 0, 1, 860.067, 0);animation-play-state:paused" ><g class="ld ld-fall2" style="transform:matrix3d(-0.277967, 0.408619, 0.869347, 0, 0.869347, -0.277967, 0.408619, 0, 0.408619, 0.869347, -0.277967, 0, 0, 378.808, 0, 1);animation-play-state:paused;animation-duration:16.6667s;animation-delay:-8.69478s" ><rect x="-5.1242741711830035" y="-4.685941354025829" width="10.248548342366007" height="9.371882708051658" fill="#04284d" style="transform:matrix(1.68711, 0, 0, 1.68711, 0, 0);animation-play-state:paused" ></rect></g></g>
<g transform="translate(98.80792704663827 0)" style="transform:matrix(1, 0, 0, 1, 98.8079, 0);animation-play-state:paused" ><g class="ld ld-fall2" style="transform:matrix3d(-0.28323, 0.422024, 0.861206, 0, 0.861206, -0.28323, 0.422024, 0, 0.422024, 0.861206, -0.28323, 0, 0, 136.027, 0, 1);animation-play-state:paused;animation-duration:16.6667s;animation-delay:-3.11234s" ><rect x="-5.319469271835181" y="-4.343327755897503" width="10.638938543670362" height="8.686655511795006" fill="#04284d" style="transform:matrix(2.71548, 0, 0, 2.71548, 0, 0);animation-play-state:paused" ></rect></g></g>
<g transform="translate(675.9680324336912 0)" style="transform:matrix(1, 0, 0, 1, 675.968, 0);animation-play-state:paused" ><g class="ld ld-fall2" style="transform:matrix3d(-0.281511, 0.417577, 0.863933, 0, 0.863933, -0.281511, 0.417577, 0, 0.417577, 0.863933, -0.281511, 0, 0, 136.287, 0, 1);animation-play-state:paused;animation-duration:33.3333s;animation-delay:-6.2366s" ><rect x="-5.720456410924926" y="-4.11898211754018" width="11.440912821849851" height="8.23796423508036" fill="#e46b43" style="transform:matrix(3.08712, 0, 0, 3.08712, 0, 0);animation-play-state:paused" ></rect></g></g>
<g transform="translate(1257.508609820216 0)" style="transform:matrix(1, 0, 0, 1, 1257.51, 0);animation-play-state:paused" ><g class="ld ld-fall2" style="transform:matrix3d(-0.0448387, 0.0469483, 0.99789, 0, 0.99789, -0.0448387, 0.0469483, 0, 0.0469483, 0.99789, -0.0448387, 0, 0, 158.269, 0, 1);animation-play-state:paused;animation-duration:33.3333s;animation-delay:-7.24789s" ><rect x="-4.671941781434575" y="-3.193073025788231" width="9.34388356286915" height="6.386146051576462" fill="#e46b43" style="transform:matrix(1.79681, 0, 0, 1.79681, 0, 0);animation-play-state:paused" ></rect></g></g>
<g transform="translate(991.7674896803986 0)" style="transform:matrix(1, 0, 0, 1, 991.767, 0);animation-play-state:paused" ><g class="ld ld-fall2" style="transform:matrix3d(0.435069, -0.288123, 0.853053, 0, 0.853053, 0.435069, -0.288123, 0, -0.288123, 0.853053, 0.435069, 0, 0, 187.401, 0, 1);animation-play-state:paused;animation-duration:33.3333s;animation-delay:-8.58813s" ><rect x="-3.8799296539339743" y="-4.606636191627893" width="7.7598593078679485" height="9.213272383255786" fill="#e46b43" style="transform:matrix(1.8187, 0, 0, 1.8187, 0, 0);animation-play-state:paused" ></rect></g></g>
<g transform="translate(40.87686342163613 0)" style="transform:matrix(1, 0, 0, 1, 40.8769, 0);animation-play-state:paused" ><g class="ld ld-fall2" style="transform:matrix3d(0.613299, 0.717323, -0.330623, 0, -0.330623, 0.613299, 0.717323, 0, 0.717323, -0.330623, 0.613299, 0, 0, 527.808, 0, 1);animation-play-state:paused;animation-duration:16.6667s;animation-delay:-12.1077s" ><rect x="-5.486412306218512" y="-4.285544424287844" width="10.972824612437025" height="8.571088848575688" fill="#f91a10" style="transform:matrix(2.35245, 0, 0, 2.35245, 0, 0);animation-play-state:paused" ></rect></g></g>
<g transform="translate(742.3480111223463 0)" style="transform:matrix(1, 0, 0, 1, 742.348, 0);animation-play-state:paused" ><g class="ld ld-fall2" style="transform:matrix3d(0.996449, -0.0577391, 0.0612906, 0, 0.0612906, 0.996449, -0.0577391, 0, -0.0577391, 0.0612906, 0.996449, 0, 0, 238.023, 0, 1);animation-play-state:paused;animation-duration:16.6667s;animation-delay:-5.45851s" ><rect x="-5.853829882599308" y="-4.196661804990372" width="11.707659765198615" height="8.393323609980744" fill="#3c0f0f" style="transform:matrix(3.10296, 0, 0, 3.10296, 0, 0);animation-play-state:paused" ></rect></g></g>
<g transform="translate(1507.2941294741604 0)" style="transform:matrix(1, 0, 0, 1, 1507.29, 0);animation-play-state:paused" ><g class="ld ld-fall2" style="transform:matrix3d(0.378122, 0.886985, -0.265107, 0, -0.265107, 0.378122, 0.886985, 0, 0.886985, -0.265107, 0.378122, 0, 0, 541.91, 0, 1);animation-play-state:paused;animation-duration:16.6667s;animation-delay:-12.4321s" ><rect x="-4.687300242532605" y="-4.958378730089414" width="9.37460048506521" height="9.916757460178829" fill="#e46b43" style="transform:matrix(3.1143, 0, 0, 3.1143, 0, 0);animation-play-state:paused" ></rect></g></g>
<g transform="translate(573.480054998493 0)" style="transform:matrix(1, 0, 0, 1, 573.48, 0);animation-play-state:paused" ><g class="ld ld-fall2" style="transform:matrix3d(-0.0829762, 0.992429, 0.0905467, 0, 0.0905467, -0.0829762, 0.992429, 0, 0.992429, 0.0905467, -0.0829762, 0, 0, 328.477, 0, 1);animation-play-state:paused;animation-duration:33.3333s;animation-delay:-15.0784s" ><rect x="-3.2568190413348956" y="-3.512364285686118" width="6.513638082669791" height="7.024728571372236" fill="#06628d" style="transform:matrix(3.21886, 0, 0, 3.21886, 0, 0);animation-play-state:paused" ></rect></g></g>
<g transform="translate(720.4668767996528 0)" style="transform:matrix(1, 0, 0, 1, 720.467, 0);animation-play-state:paused" ><g class="ld ld-fall2" style="transform:matrix3d(0.302543, 0.925463, -0.228006, 0, -0.228006, 0.302543, 0.925463, 0, 0.925463, -0.228006, 0.302543, 0, 0, 304.279, 0, 1);animation-play-state:paused;animation-duration:33.3333s;animation-delay:-13.9652s" ><rect x="-4.4944177102455685" y="-4.791256292691008" width="8.988835420491137" height="9.582512585382016" fill="#e46b43" style="transform:matrix(2.34864, 0, 0, 2.34864, 0, 0);animation-play-state:paused" ></rect></g></g>
<g transform="translate(1129.6412441439059 0)" style="transform:matrix(1, 0, 0, 1, 1129.64, 0);animation-play-state:paused" ><g class="ld ld-fall2" style="transform:matrix3d(0.913962, 0.32672, -0.240682, 0, -0.240682, 0.913962, 0.32672, 0, 0.32672, -0.240682, 0.913962, 0, 0, 503.785, 0, 1);animation-play-state:paused;animation-duration:33.3333s;animation-delay:-23.1102s" ><rect x="-3.6677230076720653" y="-4.967602421555299" width="7.3354460153441305" height="9.935204843110599" fill="#04284d" style="transform:matrix(1.81685, 0, 0, 1.81685, 0, 0);animation-play-state:paused" ></rect></g></g>
<g transform="translate(1470.7525000579026 0)" style="transform:matrix(1, 0, 0, 1, 1470.75, 0);animation-play-state:paused" ><g class="ld ld-fall2" style="transform:matrix3d(0.998821, 0.034912, -0.0337329, 0, -0.0337329, 0.998821, 0.034912, 0, 0.034912, -0.0337329, 0.998821, 0, 0, 486.291, 0, 1);animation-play-state:paused;animation-duration:16.6667s;animation-delay:-11.1527s" ><rect x="-3.9424292830656356" y="-5.427845269072043" width="7.884858566131271" height="10.855690538144087" fill="#06628d" style="transform:matrix(2.41046, 0, 0, 2.41046, 0, 0);animation-play-state:paused" ></rect></g></g>
<g transform="translate(1346.2495423048285 0)" style="transform:matrix(1, 0, 0, 1, 1346.25, 0);animation-play-state:paused" ><g class="ld ld-fall2" style="transform:matrix3d(0.15501, -0.133818, 0.978808, 0, 0.978808, 0.15501, -0.133818, 0, -0.133818, 0.978808, 0.15501, 0, 0, 413.071, 0, 1);animation-play-state:paused;animation-duration:33.3333s;animation-delay:-18.9564s" ><rect x="-3.7075914468847655" y="-5.94320553042755" width="7.415182893769531" height="11.8864110608551" fill="#3c0f0f" style="transform:matrix(2.94754, 0, 0, 2.94754, 0, 0);animation-play-state:paused" ></rect></g></g>
<g transform="translate(1339.1484984930664 0)" style="transform:matrix(1, 0, 0, 1, 1339.15, 0);animation-play-state:paused" ><g class="ld ld-fall2" style="transform:matrix3d(0.689964, -0.332777, 0.642813, 0, 0.642813, 0.689964, -0.332777, 0, -0.332777, 0.642813, 0.689964, 0, 0, 203.24, 0, 1);animation-play-state:paused;animation-duration:33.3333s;animation-delay:-9.31682s" ><rect x="-5.427125947281277" y="-3.3165725625865408" width="10.854251894562553" height="6.6331451251730815" fill="#f91a10" style="transform:matrix(2.62468, 0, 0, 2.62468, 0, 0);animation-play-state:paused" ></rect></g></g>
<g transform="translate(1456.339880160746 0)" style="transform:matrix(1, 0, 0, 1, 1456.34, 0);animation-play-state:paused" ><g class="ld ld-fall2" style="transform:matrix3d(0.0652719, -0.0612574, 0.995985, 0, 0.995985, 0.0652719, -0.0612574, 0, -0.0612574, 0.995985, 0.0652719, 0, 0, 407.562, 0, 1);animation-play-state:paused;animation-duration:33.3333s;animation-delay:-18.7045s" ><rect x="-3.324104843796719" y="-4.330310438638001" width="6.648209687593438" height="8.660620877276003" fill="#3c0f0f" style="transform:matrix(2.33213, 0, 0, 2.33213, 0, 0);animation-play-state:paused" ></rect></g></g>
<g transform="translate(942.2345790313136 0)" style="transform:matrix(1, 0, 0, 1, 942.235, 0);animation-play-state:paused" ><g class="ld ld-fall2" style="transform:matrix3d(0.82961, -0.300312, 0.470701, 0, 0.470701, 0.82961, -0.300312, 0, -0.300312, 0.470701, 0.82961, 0, 0, 213.84, 0, 1);animation-play-state:paused;animation-duration:16.6667s;animation-delay:-4.90224s" ><rect x="-5.097557231930674" y="-5.2703854790301055" width="10.195114463861348" height="10.540770958060211" fill="#2aa7c9" style="transform:matrix(2.31869, 0, 0, 2.31869, 0, 0);animation-play-state:paused" ></rect></g></g>
